10 10 1 
10 10 10 
10 10 2 0.000000 0.000000 0.000000
10 10 3 
10 10 4 
10 10 5 
10 10 6 
10 10 7 
10 10 8 
10 10 9 
10 20 1 0.000000 0.000000 0.000000
10 20 10 0.000000 0.000000 0.000000
10 20 2 0.000000 0.000000 0.000000
10 20 3 0.000000 0.000000 0.000000
10 20 4 0.000000 0.000000 0.000000
10 20 5 
10 20 6 
10 20 7 0.000000 0.000000 0.000000
10 20 8 0.000000 0.000000 0.000000
10 20 9 0.000000 0.000000 0.000000
10 30 1 0.000000 0.000000 0.000000
10 30 10 0.000000 0.000000 0.000000
10 30 2 0.000000 0.000000 0.000000
10 30 3 0.000000 0.000000 0.000000
10 30 4 0.000000 0.000000 0.000000
10 30 5 0.000000 0.000000 0.000000
10 30 6 0.000000 0.000000 0.000000
10 30 7 0.000000 0.000000 0.000000
10 30 8 0.000000 0.000000 0.000000
10 30 9 0.000000 0.000000 0.000000
15 10 1 
15 10 10 0.000000 0.000000 0.000000
15 10 2 
15 10 3 
15 10 4 
15 10 5 
15 10 6 
15 10 7 0.000000 0.000000 0.000000
15 10 8 
15 10 9 
15 20 1 0.000000 0.000000 0.000000
15 20 10 0.000000 0.000000 0.000000
15 20 2 0.000000 0.000000 0.000000
15 20 3 0.000000 0.000000 0.000000
15 20 4 0.000000 0.000000 0.000000
15 20 5 0.000000 0.000000 0.000000
15 20 6 0.000000 0.000000 0.000000
15 20 7 0.000000 0.000000 0.000000
15 20 8 0.000000 0.000000 0.000000
15 20 9 0.000000 0.000000 0.000000
15 30 1 0.000000 0.000000 0.000000
15 30 10 0.000000 0.000000 0.000000
15 30 2 0.000000 0.000000 0.000000
15 30 3 0.000000 0.000000 0.000000
15 30 4 0.000000 0.000000 0.000000
15 30 5 0.000000 0.000000 0.000000
15 30 6 0.000000 0.000000 0.000000
15 30 7 0.000000 0.000000 0.000000
15 30 8 0.000000 0.000000 0.000000
15 30 9 0.000000 0.000000 0.000000
20 10 1 
20 10 10 
20 10 2 
20 10 3 
20 10 4 
20 10 5 
20 10 6 
20 10 7 0.000000 0.000000 0.000000
20 10 8 0.000000 0.000000 0.000000
20 10 9 
20 20 1 0.000000 0.000000 0.000000
20 20 10 0.000000 0.000000 0.000000
20 20 2 0.000000 0.002000 0.000000
20 20 3 0.000000 0.000000 0.000000
20 20 4 0.006000 0.000000 0.000000
20 20 5 
20 20 6 0.000000 0.000000 0.000000
20 20 7 0.000000 0.000000 0.000000
20 20 8 0.000000 0.000000 0.000000
20 20 9 0.000000 0.000000 0.000000
20 30 1 0.000000 0.000000 0.000000
20 30 10 0.000000 0.000000 0.000000
20 30 2 0.000000 0.000000 0.000000
20 30 3 0.000000 0.000000 0.000000
20 30 4 0.000000 0.000000 0.000000
20 30 5 0.000000 0.000000 0.000000
20 30 6 0.000000 0.000000 0.000000
20 30 7 0.000000 0.000000 0.000000
20 30 8 0.000000 0.000000 0.000000
20 30 9 0.000000 0.000000 0.000000
