100 60 1 0.000000 0.002000 0.000000
100 60 10 0.001000 0.002000 0.000000
100 60 2 0.001000 0.001000 0.000000
100 60 3 0.001000 0.002000 0.000000
100 60 4 0.000000 0.001000 0.000000
100 60 5 0.001000 0.002000 0.000000
100 60 6 0.000000 0.002000 0.000000
100 60 7 0.001000 0.000000 0.001000
100 60 8 0.001000 0.001000 0.000000
100 60 9 0.001000 0.001000 0.000000
100 70 1 0.001000 0.000000 0.000000
100 70 10 0.000000 0.001000 0.001000
100 70 2 0.000000 0.001000 0.000000
100 70 3 0.000000 0.001000 0.000000
100 70 4 0.000000 0.002000 0.000000
100 70 5 0.000000 0.001000 0.000000
100 70 6 0.001000 0.000000 0.001000
100 70 7 0.001000 0.000000 0.001000
100 70 8 0.001000 0.001000 0.001000
100 70 9 0.000000 0.001000 0.000000
100 80 1 0.000000 0.001000 0.000000
100 80 10 0.000000 0.001000 0.000000
100 80 2 0.000000 0.001000 0.000000
100 80 3 0.001000 0.003000 0.001000
100 80 4 0.001000 0.000000 0.001000
100 80 5 0.001000 0.000000 0.001000
100 80 6 0.001000 0.002000 0.000000
100 80 7 0.000000 0.001000 0.000000
100 80 8 0.000000 0.003000 0.001000
100 80 9 0.000000 0.001000 0.000000
100 90 1 0.001000 0.002000 0.000000
100 90 10 0.000000 0.001000 0.000000
100 90 2 0.000000 0.001000 0.000000
100 90 3 0.002000 0.000000 0.000000
100 90 4 0.000000 0.002000 0.000000
100 90 5 0.001000 0.001000 0.000000
100 90 6 0.001000 0.001000 0.000000
100 90 7 0.001000 0.001000 0.000000
100 90 8 0.002000 0.003000 0.000000
100 90 9 0.001000 0.000000 0.001000
20 60 1 0.000000 0.000000 0.001000
20 60 10 0.000000 0.000000 0.000000
20 60 2 0.000000 0.000000 0.000000
20 60 3 0.000000 0.000000 0.000000
20 60 4 0.000000 0.000000 0.000000
20 60 5 0.001000 0.000000 0.000000
20 60 6 0.001000 0.000000 0.000000
20 60 7 0.000000 0.000000 0.000000
20 60 8 0.000000 0.000000 0.000000
20 60 9 0.000000 0.000000 0.000000
20 70 1 0.000000 0.000000 0.000000
20 70 10 0.000000 0.000000 0.000000
20 70 2 0.000000 0.000000 0.000000
20 70 3 0.000000 0.000000 0.000000
20 70 4 0.000000 0.000000 0.000000
20 70 5 0.000000 0.000000 0.000000
20 70 6 0.000000 0.000000 0.000000
20 70 7 0.001000 0.000000 0.000000
20 70 8 0.000000 0.000000 0.000000
20 70 9 0.000000 0.000000 0.000000
20 80 1 0.000000 0.000000 0.000000
20 80 10 0.000000 0.000000 0.000000
20 80 2 0.000000 0.000000 0.000000
20 80 3 0.000000 0.000000 0.000000
20 80 4 0.000000 0.000000 0.000000
20 80 5 0.000000 0.000000 0.000000
20 80 6 0.000000 0.001000 0.000000
20 80 7 0.000000 0.000000 0.000000
20 80 8 0.000000 0.000000 0.000000
20 80 9 0.000000 0.000000 0.000000
20 90 1 0.000000 0.000000 0.000000
20 90 10 0.000000 0.001000 0.000000
20 90 2 0.000000 0.001000 0.000000
20 90 3 0.001000 0.000000 0.000000
20 90 4 0.000000 0.000000 0.000000
20 90 5 0.000000 0.000000 0.000000
20 90 6 0.000000 0.000000 0.000000
20 90 7 0.000000 0.001000 0.000000
20 90 8 0.000000 0.000000 0.000000
20 90 9 0.000000 0.000000 0.001000
30 60 1 0.000000 0.000000 0.000000
30 60 10 0.000000 0.000000 0.000000
30 60 2 0.000000 0.000000 0.000000
30 60 3 0.000000 0.001000 0.000000
30 60 4 0.001000 0.000000 0.000000
30 60 5 0.001000 0.000000 0.000000
30 60 6 0.000000 0.000000 0.000000
30 60 7 0.000000 0.000000 0.000000
30 60 8 0.000000 0.000000 0.000000
30 60 9 0.001000 0.000000 0.000000
30 70 1 0.000000 0.000000 0.000000
30 70 10 0.000000 0.000000 0.000000
30 70 2 0.000000 0.000000 0.000000
30 70 3 0.000000 0.000000 0.000000
30 70 4 0.000000 0.000000 0.000000
30 70 5 0.000000 0.000000 0.000000
30 70 6 0.000000 0.000000 0.000000
30 70 7 0.000000 0.000000 0.000000
30 70 8 0.000000 0.000000 0.000000
30 70 9 0.000000 0.000000 0.000000
30 80 1 0.000000 0.001000 0.000000
30 80 10 0.000000 0.001000 0.000000
30 80 2 0.000000 0.000000 0.000000
30 80 3 0.000000 0.000000 0.000000
30 80 4 0.000000 0.002000 0.000000
30 80 5 0.000000 0.001000 0.000000
30 80 6 0.000000 0.000000 0.000000
30 80 7 0.000000 0.000000 0.000000
30 80 8 0.000000 0.000000 0.000000
30 80 9 0.000000 0.000000 0.000000
30 90 1 0.000000 0.000000 0.000000
30 90 10 0.000000 0.000000 0.000000
30 90 2 0.000000 0.000000 0.000000
30 90 3 0.000000 0.001000 0.000000
30 90 4 0.001000 0.000000 0.000000
30 90 5 0.000000 0.000000 0.000000
30 90 6 0.001000 0.000000 0.000000
30 90 7 0.000000 0.001000 0.000000
30 90 8 0.000000 0.000000 0.000000
30 90 9 0.000000 0.001000 0.000000
40 60 1 0.000000 0.000000 0.001000
40 60 10 0.000000 0.000000 0.000000
40 60 2 0.000000 0.001000 0.000000
40 60 3 0.000000 0.000000 0.000000
40 60 4 0.000000 0.000000 0.000000
40 60 5 0.000000 0.000000 0.000000
40 60 6 0.001000 0.000000 0.000000
40 60 7 0.000000 0.000000 0.000000
40 60 8 0.000000 0.001000 0.000000
40 60 9 0.001000 0.000000 0.001000
40 70 1 0.000000 0.000000 0.000000
40 70 10 0.000000 0.001000 0.000000
40 70 2 0.000000 0.002000 0.000000
40 70 3 0.000000 0.001000 0.000000
40 70 4 0.000000 0.002000 0.000000
40 70 5 0.000000 0.000000 0.000000
40 70 6 0.000000 0.000000 0.000000
40 70 7 0.000000 0.000000 0.000000
40 70 8 0.000000 0.000000 0.000000
40 70 9 0.000000 0.000000 0.000000
40 80 1 0.000000 0.001000 0.000000
40 80 10 0.000000 0.000000 0.000000
40 80 2 0.000000 0.000000 0.001000
40 80 3 0.000000 0.000000 0.000000
40 80 4 0.000000 0.000000 0.000000
40 80 5 0.000000 0.000000 0.000000
40 80 6 0.000000 0.000000 0.000000
40 80 7 0.000000 0.001000 0.001000
40 80 8 0.000000 0.000000 0.000000
40 80 9 0.001000 0.000000 0.000000
40 90 1 0.000000 0.001000 0.000000
40 90 10 0.000000 0.001000 0.000000
40 90 2 0.001000 0.000000 0.000000
40 90 3 0.000000 0.001000 0.000000
40 90 4 0.000000 0.001000 0.000000
40 90 5 0.000000 0.000000 0.000000
40 90 6 0.000000 0.001000 0.000000
40 90 7 0.000000 0.000000 0.000000
40 90 8 0.000000 0.002000 0.000000
40 90 9 0.000000 0.000000 0.000000
50 60 1 0.001000 0.000000 0.001000
50 60 10 0.000000 0.000000 0.000000
50 60 2 0.000000 0.001000 0.000000
50 60 3 0.000000 0.001000 0.000000
50 60 4 0.000000 0.001000 0.000000
50 60 5 0.000000 0.000000 0.000000
50 60 6 0.000000 0.001000 0.000000
50 60 7 0.000000 0.000000 0.000000
50 60 8 0.000000 0.001000 0.000000
50 60 9 0.000000 0.001000 0.000000
50 70 1 0.000000 0.000000 0.001000
50 70 10 0.000000 0.000000 0.000000
50 70 2 0.000000 0.002000 0.000000
50 70 3 0.000000 0.001000 0.000000
50 70 4 0.000000 0.001000 0.000000
50 70 5 0.000000 0.002000 0.000000
50 70 6 0.000000 0.001000 0.000000
50 70 7 0.000000 0.001000 0.000000
50 70 8 0.000000 0.000000 0.000000
50 70 9 0.000000 0.000000 0.000000
50 80 1 0.000000 0.001000 0.000000
50 80 10 0.001000 0.001000 0.000000
50 80 2 0.001000 0.000000 0.000000
50 80 3 0.001000 0.000000 0.000000
50 80 4 0.000000 0.001000 0.000000
50 80 5 0.000000 0.001000 0.000000
50 80 6 0.000000 0.002000 0.000000
50 80 7 0.000000 0.001000 0.000000
50 80 8 0.001000 0.000000 0.000000
50 80 9 0.001000 0.000000 0.001000
50 90 1 0.000000 0.001000 0.001000
50 90 10 0.000000 0.001000 0.000000
50 90 2 0.000000 0.001000 0.000000
50 90 3 0.000000 0.001000 0.000000
50 90 4 0.000000 0.001000 0.000000
50 90 5 0.000000 0.001000 0.000000
50 90 6 0.000000 0.002000 0.000000
50 90 7 0.000000 0.000000 0.000000
50 90 8 0.000000 0.000000 0.000000
50 90 9 0.000000 0.000000 0.000000
60 60 1 0.000000 0.001000 0.000000
60 60 10 0.000000 0.001000 0.000000
60 60 2 0.000000 0.001000 0.000000
60 60 3 0.000000 0.001000 0.000000
60 60 4 0.000000 0.000000 0.000000
60 60 5 0.000000 0.002000 0.000000
60 60 6 0.000000 0.001000 0.000000
60 60 7 0.000000 0.000000 0.000000
60 60 8 0.001000 0.000000 0.000000
60 60 9 0.000000 0.000000 0.000000
60 70 1 0.000000 0.000000 0.000000
60 70 10 0.000000 0.002000 0.000000
60 70 2 0.000000 0.001000 0.000000
60 70 3 0.000000 0.001000 0.000000
60 70 4 0.000000 0.001000 0.000000
60 70 5 0.000000 0.001000 0.000000
60 70 6 0.000000 0.001000 0.000000
60 70 7 0.000000 0.001000 0.000000
60 70 8 0.000000 0.000000 0.000000
60 70 9 0.000000 0.001000 0.000000
60 80 1 0.000000 0.001000 0.000000
60 80 10 0.000000 0.001000 0.000000
60 80 2 0.000000 0.000000 0.000000
60 80 3 0.001000 0.000000 0.000000
60 80 4 0.000000 0.001000 0.000000
60 80 5 0.000000 0.001000 0.000000
60 80 6 0.001000 0.000000 0.000000
60 80 7 0.000000 0.000000 0.000000
60 80 8 0.000000 0.000000 0.000000
60 80 9 0.000000 0.000000 0.001000
60 90 1 0.000000 0.001000 0.000000
60 90 10 0.000000 0.001000 0.000000
60 90 2 0.000000 0.000000 0.000000
60 90 3 0.000000 0.001000 0.000000
60 90 4 0.000000 0.000000 0.000000
60 90 5 0.000000 0.001000 0.000000
60 90 6 0.001000 0.001000 0.000000
60 90 7 0.000000 0.001000 0.000000
60 90 8 0.000000 0.000000 0.001000
60 90 9 0.000000 0.001000 0.000000
70 60 1 0.000000 0.001000 0.000000
70 60 10 0.000000 0.000000 0.001000
70 60 2 0.000000 0.000000 0.000000
70 60 3 0.000000 0.001000 0.000000
70 60 4 0.000000 0.000000 0.000000
70 60 5 0.001000 0.000000 0.000000
70 60 6 0.000000 0.001000 0.000000
70 60 7 0.000000 0.000000 0.001000
70 60 8 0.000000 0.001000 0.000000
70 60 9 0.002000 0.000000 0.000000
70 70 1 0.000000 0.001000 0.000000
70 70 10 0.001000 0.000000 0.000000
70 70 2 0.002000 0.000000 0.000000
70 70 3 0.000000 0.001000 0.000000
70 70 4 0.000000 0.002000 0.000000
70 70 5 0.000000 0.001000 0.000000
70 70 6 0.000000 0.002000 0.000000
70 70 7 0.000000 0.002000 0.000000
70 70 8 0.000000 0.001000 0.000000
70 70 9 0.001000 0.000000 0.000000
70 80 1 0.000000 0.001000 0.000000
70 80 10 0.001000 0.000000 0.000000
70 80 2 0.000000 0.000000 0.000000
70 80 3 0.000000 0.001000 0.000000
70 80 4 0.000000 0.001000 0.000000
70 80 5 0.000000 0.000000 0.000000
70 80 6 0.000000 0.001000 0.000000
70 80 7 0.000000 0.001000 0.000000
70 80 8 0.000000 0.000000 0.001000
70 80 9 0.000000 0.002000 0.000000
70 90 1 0.000000 0.001000 0.000000
70 90 10 0.001000 0.000000 0.000000
70 90 2 0.000000 0.001000 0.000000
70 90 3 0.001000 0.001000 0.000000
70 90 4 0.000000 0.001000 0.000000
70 90 5 0.000000 0.000000 0.001000
70 90 6 0.000000 0.001000 0.000000
70 90 7 0.001000 0.000000 0.000000
70 90 8 0.000000 0.000000 0.000000
70 90 9 0.001000 0.000000 0.000000
80 60 1 0.000000 0.002000 0.000000
80 60 10 0.000000 0.001000 0.001000
80 60 2 0.000000 0.000000 0.002000
80 60 3 0.000000 0.001000 0.000000
80 60 4 0.001000 0.000000 0.000000
80 60 5 0.000000 0.001000 0.000000
80 60 6 0.000000 0.000000 0.001000
80 60 7 0.000000 0.001000 0.000000
80 60 8 0.000000 0.000000 0.002000
80 60 9 0.000000 0.001000 0.000000
80 70 1 0.000000 0.001000 0.000000
80 70 10 0.001000 0.000000 0.000000
80 70 2 0.000000 0.001000 0.001000
80 70 3 0.000000 0.001000 0.000000
80 70 4 0.000000 0.002000 0.001000
80 70 5 0.000000 0.001000 0.000000
80 70 6 0.000000 0.001000 0.000000
80 70 7 0.001000 0.000000 0.000000
80 70 8 0.000000 0.001000 0.000000
80 70 9 0.001000 0.000000 0.000000
80 80 1 0.000000 0.000000 0.002000
80 80 10 0.000000 0.001000 0.000000
80 80 2 0.001000 0.000000 0.000000
80 80 3 0.000000 0.002000 0.000000
80 80 4 0.001000 0.000000 0.001000
80 80 5 0.000000 0.001000 0.000000
80 80 6 0.001000 0.000000 0.000000
80 80 7 0.000000 0.000000 0.000000
80 80 8 0.000000 0.001000 0.000000
80 80 9 0.000000 0.001000 0.000000
80 90 1 0.000000 0.001000 0.000000
80 90 10 0.000000 0.001000 0.000000
80 90 2 0.000000 0.000000 0.001000
80 90 3 0.000000 0.001000 0.000000
80 90 4 0.000000 0.001000 0.000000
80 90 5 0.000000 0.001000 0.000000
80 90 6 0.000000 0.001000 0.000000
80 90 7 0.000000 0.001000 0.000000
80 90 8 0.000000 0.001000 0.000000
80 90 9 0.000000 0.001000 0.000000
90 60 1 0.000000 0.000000 0.000000
90 60 10 0.001000 0.000000 0.000000
90 60 2 0.000000 0.001000 0.000000
90 60 3 0.000000 0.000000 0.001000
90 60 4 0.001000 0.000000 0.000000
90 60 5 0.000000 0.002000 0.000000
90 60 6 0.000000 0.001000 0.000000
90 60 7 0.000000 0.001000 0.000000
90 60 8 0.000000 0.001000 0.000000
90 60 9 0.000000 0.000000 0.000000
90 70 1 0.000000 0.001000 0.000000
90 70 10 0.000000 0.000000 0.001000
90 70 2 0.000000 0.002000 0.000000
90 70 3 0.001000 0.001000 0.000000
90 70 4 0.000000 0.001000 0.000000
90 70 5 0.000000 0.001000 0.000000
90 70 6 0.001000 0.001000 0.000000
90 70 7 0.000000 0.001000 0.001000
90 70 8 0.001000 0.001000 0.000000
90 70 9 0.001000 0.001000 0.000000
90 80 1 0.000000 0.001000 0.000000
90 80 10 0.002000 0.001000 0.000000
90 80 2 0.001000 0.001000 0.000000
90 80 3 0.000000 0.002000 0.000000
90 80 4 0.000000 0.001000 0.000000
90 80 5 0.000000 0.001000 0.000000
90 80 6 0.001000 0.001000 0.000000
90 80 7 0.000000 0.001000 0.000000
90 80 8 0.001000 0.000000 0.000000
90 80 9 0.000000 0.001000 0.000000
90 90 1 0.000000 0.001000 0.000000
90 90 10 0.000000 0.001000 0.000000
90 90 2 0.001000 0.000000 0.001000
90 90 3 0.001000 0.000000 0.001000
90 90 4 0.000000 0.001000 0.000000
90 90 5 0.000000 0.001000 0.000000
90 90 6 0.000000 0.001000 0.000000
90 90 7 0.000000 0.001000 0.000000
90 90 8 0.001000 0.000000 0.000000
90 90 9 0.002000 0.001000 0.000000
