20
01
02
03
04
05
06
07
08
09
10
11
12
13
14
15
16
17
18
19
20
60
05 18 36
17 18 31
17 19 72
05 16 24
13 14 22
13 19 100
07 07 20
04 11 25
04 12 35
04 16 41
03 08 61
03 03 41
08 08 43
18 20 21
02 13 303
13 20 239
10 10 44
10 14 21
10 16 37
03 20 325
04 06 34
04 05 21
12 13 59
12 12 34
12 17 141
01 03 21
03 14 40
01 08 25
07 10 34
07 12 208
07 19 20
07 18 23
19 19 24
02 05 49
02 09 129
15 16 68
15 15 42
15 19 27
05 08 40
05 06 38
06 14 112
06 12 53
06 13 58
06 19 23
08 15 66
08 16 54
08 17 23
08 10 371
08 18 41
09 18 34
09 16 22
09 12 23
09 10 256
16 19 170
16 18 359
01 17 25
01 15 26
01 11 41
01 19 390
01 18 189
