20
01
02
03
04
05
06
07
08
09
10
11
12
13
14
15
16
17
18
19
20
60
17 18 172
05 13 121
05 17 29
05 14 30
13 14 584
07 09 212
13 19 1002
04 10 34
04 17 31
06 07 26
06 06 42
03 08 28
03 09 28
11 12 26
03 07 44
08 09 24
18 20 44
17 20 45
19 20 3071
02 16 29
02 14 82
02 18 33
13 20 144
10 11 53
10 13 33
10 12 25
10 14 570
10 19 56
18 18 24
03 20 76
04 05 34
04 09 53
04 08 311
12 12 156
12 16 21
12 15 26
01 04 40
03 18 59
03 14 41
03 10 29
03 12 111
07 15 26
07 17 23
07 19 93
02 05 79
02 04 79
02 07 165
02 06 96
02 09 107
15 17 55
05 06 30
06 17 103
06 10 30
06 18 32
02 20 43
08 12 64
09 14 54
01 15 52
01 12 20
01 10 62
