20
01
02
03
04
05
06
07
08
09
10
11
12
13
14
15
16
17
18
19
20
67
05 18 24
17 18 101
17 19 36
05 10 176
13 16 22
07 08 60
13 19 47
07 07 98
06 09 25
04 10 54
06 08 151
04 11 24
04 12 63
04 13 338
06 07 47
11 14 31
11 11 32
03 03 25
03 04 76
11 19 23
20 20 26
17 20 39
02 12 39
02 11 51
02 17 47
04 20 21
10 13 30
10 16 394
10 19 22
10 18 386
01 20 21
06 20 54
05 20 25
12 14 177
14 15 24
01 04 43
01 07 37
03 18 22
03 15 55
03 11 27
03 10 26
03 12 21
07 11 397
07 13 24
07 12 24
19 19 23
02 09 21
02 08 50
15 17 21
15 15 32
15 19 28
05 08 69
05 05 37
06 12 111
06 19 262
08 15 61
08 16 21
09 16 29
09 12 161
09 11 43
09 10 160
16 17 26
16 19 289
16 18 368
01 17 21
01 10 23
08 20 24
