20
01
02
03
04
05
06
07
08
09
10
11
12
13
14
15
16
17
18
19
20
73
05 13 23
05 12 98
17 17 32
05 16 36
05 14 25
13 13 145
13 17 30
13 19 27
04 11 21
04 12 27
04 14 42
04 15 29
04 17 46
04 19 21
06 06 27
11 14 62
03 03 39
08 09 23
11 19 22
08 08 21
03 05 44
20 20 22
19 20 57
02 17 37
10 11 25
10 16 30
10 18 100
16 20 69
07 20 37
18 19 77
03 20 387
04 06 35
04 04 189
04 09 39
04 08 82
12 19 138
12 18 98
12 12 24
12 14 71
14 19 30
14 17 486
01 04 96
01 07 29
01 01 28
03 14 48
03 17 30
03 16 37
03 12 29
07 11 105
07 13 25
09 09 56
07 16 30
07 19 22
02 07 143
02 03 59
15 17 51
15 15 50
05 09 76
05 05 30
06 14 63
06 12 36
06 11 29
06 19 21
02 20 43
08 14 56
08 16 23
11 20 52
08 12 43
08 13 34
09 10 36
16 17 22
16 18 59
08 20 24
