20
01
02
03
04
05
06
07
08
09
10
11
12
13
14
15
16
17
18
19
20
63
17 17 26
05 10 30
07 09 108
13 18 61
06 09 61
06 08 42
04 11 22
04 17 28
04 18 37
06 06 23
03 09 30
08 08 76
15 20 22
17 20 23
02 13 381
02 10 35
02 15 1115
02 18 29
02 19 30
13 20 26
10 10 35
10 15 30
10 16 33
04 05 59
04 08 69
12 13 26
12 17 30
14 14 24
01 06 6351
01 01 92
01 02 120
03 15 25
03 14 86
03 17 90
03 16 3802
07 11 82
07 16 26
07 18 29
19 19 109
02 04 51
02 07 234
02 06 69
02 09 41
02 08 72
15 19 86
05 05 23
05 06 26
06 15 29
06 13 42
06 11 35
08 16 27
08 17 30
08 18 39
08 19 92
12 20 21
09 19 52
09 18 154
09 16 23
09 13 28
16 17 73
16 19 49
16 18 51
01 17 74
