20
01
02
03
04
05
06
07
08
09
10
11
12
13
14
15
16
17
18
19
20
68
05 11 27
17 17 32
05 10 23
05 17 38
05 16 245
07 07 97
06 08 27
04 11 37
04 19 57
03 08 75
11 12 47
11 13 20
10 20 50
08 09 103
03 04 60
08 08 70
02 11 23
02 16 56
02 15 21
13 20 306
04 20 22
10 11 45
10 13 35
10 19 29
18 18 36
09 20 31
06 20 24
04 05 21
12 18 40
12 13 37
14 15 273
01 05 47
03 19 43
01 02 23
01 03 21
03 15 29
03 14 89
03 11 50
01 08 55
07 11 24
07 19 35
02 05 119
02 04 53
02 07 25
02 02 28
02 08 21
05 08 51
05 05 34
05 06 127
05 07 20
06 14 21
06 15 29
06 18 32
06 19 76
02 20 46
08 15 26
08 10 93
08 18 70
09 14 20
09 13 22
09 12 41
09 10 59
16 16 37
16 19 77
01 16 54
01 11 99
08 20 4348
01 19 39
