20
01
02
03
04
05
06
07
08
09
10
11
12
13
14
15
16
17
18
19
20
72
05 11 22
05 15 24
05 14 28
13 13 34
13 15 31
13 16 194
06 08 43
04 13 21
04 14 39
06 06 46
11 14 1076
11 15 113
11 12 75
11 13 61
03 03 78
08 09 42
11 19 31
18 20 25
02 12 25
02 13 1069
02 10 53
02 14 26
02 15 46
13 20 38
10 12 78
10 14 58
10 19 24
18 18 23
09 20 227
06 20 20
04 04 44
04 09 43
12 19 31
12 18 72
12 13 79
12 12 22
14 19 62
14 15 67
14 16 159
01 04 21
03 18 41
01 02 25
03 17 143
07 10 92
07 13 257
09 09 22
07 16 20
07 18 61
19 19 29
02 08 192
15 15 323
15 19 55
05 08 23
05 07 22
06 16 75
06 15 20
06 13 41
06 11 72220
06 18 33
08 15 133
08 16 43
09 17 26
09 15 22
09 12 22
09 11 22
09 10 21
16 16 22
01 17 58
01 15 36
01 14 25
01 13 178
01 12 39
