20
01
02
03
04
05
06
07
08
09
10
11
12
13
14
15
16
17
18
19
20
64
05 18 35
17 19 185
17 17 22
05 14 22
13 13 146
13 14 44
13 15 263
13 19 20
04 10 153
04 19 28
03 08 21
11 13 178
11 11 28
03 06 31
03 04 23
03 05 28
02 10 20
02 11 64
13 20 603
04 20 21
10 11 137
10 10 37
10 12 126
10 14 158
10 16 34
10 19 72
18 18 71
05 20 43
04 04 67
04 08 36
12 12 27
12 17 36
12 15 49
12 14 50
14 14 20
01 07 23
03 18 69
01 02 70
03 16 102
07 13 66
07 12 40
02 05 76
15 18 42
05 08 89
05 09 110
06 16 22
06 14 161
06 13 61
06 19 62
08 15 27
08 16 42
08 10 171
08 12 2511
08 13 2832
12 20 44
09 19 28
09 18 95
09 12 83
16 16 23
01 14 45
01 11 21
01 10 61
01 19 83
01 18 21
