20
01
02
03
04
05
06
07
08
09
10
11
12
13
14
15
16
17
18
19
20
65
17 17 49
05 14 39
07 08 64
04 13 22
04 17 195
11 17 40
11 11 113
03 03 57
03 07 36
08 09 57
18 20 23
20 20 38
17 20 34
19 20 39
02 17 41
02 15 35
02 19 23
10 12 21
10 15 22
10 16 21
01 20 55
09 20 22
06 20 59
05 20 36
04 05 31
04 04 1421
12 19 62
12 18 33
12 12 22
12 14 110
14 17 38
01 05 126
03 19 32
03 14 31
01 08 401
03 10 25
03 12 2694
07 11 82
07 10 208
07 12 27
07 15 22
09 09 44
07 18 51
02 04 63
02 02 32
02 09 42
15 15 63
15 18 76
05 08 167
05 09 28
05 07 20
06 16 33
06 15 37
06 11 22
08 15 29
11 20 27
08 17 63
08 10 25
08 11 21
08 12 49
08 19 24
12 20 80
09 17 73
09 10 39
01 12 105
