20
01
02
03
04
05
06
07
08
09
10
11
12
13
14
15
16
17
18
19
20
57
05 12 42
17 17 23
05 10 22
05 16 54
05 15 22
13 16 51
07 08 71
07 09 32
04 12 31
04 15 63
06 07 53
11 16 21
11 14 67
03 08 49
11 15 80
11 13 21
10 20 26
11 19 70
08 08 40
03 05 283
15 20 33
02 13 2814
02 11 21
02 16 28
02 14 177
10 12 135
10 15 24
10 17 91
10 16 27
09 20 23
04 05 25
04 08 27
14 15 48
01 04 23
01 07 33
01 02 20
01 03 123
03 14 20
03 11 34
09 09 40
07 16 63
07 19 34
07 18 24
19 19 28
02 09 123
15 18 26
05 07 25
06 15 32
08 15 55
08 10 64
08 18 22
08 19 29
09 12 36
16 16 40
01 16 55
01 11 42
01 10 23
