20
01
02
03
04
05
06
07
08
09
10
11
12
13
14
15
16
17
18
19
20
63
05 18 91
17 19 22
05 13 38
05 10 26
05 15 43
13 18 33
04 10 24
04 11 35
04 17 26
04 19 79
06 07 37
06 06 28
11 16 77
11 14 64
03 08 178
03 09 954
11 18 25
08 08 1269
03 05 46
18 20 21
20 20 31
15 20 22
02 12 43
02 18 24
10 12 217
10 15 28
10 14 268
10 19 190
18 19 119
18 18 25
05 20 20
04 07 249
04 04 103
12 13 36
12 16 44
12 15 28
14 18 32
01 04 35
01 05 146
01 03 31
03 14 134
03 17 80
03 11 155
01 08 43
01 09 24
03 13 126
03 12 25
07 15 25
02 02 30
02 09 70
02 08 35
05 09 24
05 06 77
06 11 24
06 19 227
11 20 175
08 17 54
08 18 58
12 20 23
16 16 25
16 18 462
01 17 24
01 16 56
