20
01
02
03
04
05
06
07
08
09
10
11
12
13
14
15
16
17
18
19
20
62
17 18 61
17 19 27
05 12 87
05 11 20
05 15 59
05 14 201
13 14 61
07 09 31
04 15 60
04 19 50
06 07 128
06 06 45
03 08 30
10 20 42
11 18 207
18 20 281
20 20 20
15 20 195
19 20 24
02 12 65
02 17 158
14 20 21
10 13 20
10 12 61
10 15 28
10 17 90
10 16 44
01 20 34
18 18 21
09 20 44
05 20 31
03 20 30
04 06 22
12 17 24
12 16 464
14 16 37
01 04 141
03 18 266
03 14 28
03 13 82
03 12 197
07 11 92
07 18 38
19 19 71
02 09 81
15 15 27
15 19 23
06 16 22
06 14 254
06 12 117
06 18 22
08 14 39
08 15 29
08 16 38
08 18 46
12 20 20
09 12 52
09 11 24
16 19 30
01 17 31
01 11 21
01 18 30
